       1      37    37.3     0.3    2.24    3.18    0.94
       1      49    50.4     1.4    9.56   10.83    1.27
       1      34      37       3   25.77   23.19   -2.58
       1      34    37.7     3.7       0    3.56    3.56
       1      34    32.5    -1.5    7.56    7.31   -0.25
       1      23      21      -2   16.35   13.77   -2.58
       1    29.3    29.3       0    7.01   10.74    3.73
       1    26.5    31.3     4.8    15.4   12.78   -2.62
       1    35.3    37.7     2.4   13.24    5.69   -7.55
       1    42.8    31.5   -11.3    4.76    2.67   -2.09
       2      43    46.5     3.5   19.52   23.06    3.54
       2      33      38       5   11.18    8.44   -2.74
       2    31.7      39     7.3    7.13      13    5.87
       2    29.3    47.6    18.3    0.85    3.97    3.12
       2    39.8    54.3    14.5    0.73    2.26    1.53
       2    37.3      44     6.7   10.28    7.16   -3.12
       2    37.3    46.3       9    1.62    1.45   -0.17
       2    30.7      30    -0.7    2.65     7.5    4.85
       2    17.5    25.3     7.8       0    2.81    2.81
       2      33      29      -4    3.93    7.04    3.11
       2      36      42       6       5   11.69    6.69
       2      42    46.5     4.5   12.13   12.35    0.22
       2      39      47       8    3.04    3.84     0.8
       2      26    37.4    11.4   17.33   21.28    3.95
       2      21      22       1   13.43   15.81    2.38
       2      29    36.3     7.3       0     1.2     1.2
       2    19.5      28     8.5    5.32    8.35    3.03
       2    29.7      29    -0.7   15.56   16.27    0.71
       2    29.5      43    13.5       0       0       0